13918,458523
14127,461145
14359,463921
14607,467766
14853,470613
15031,473355
15254,478230
15477,481787
15675,486182
15923,492181
16144,494671
16363,501793
16570,506560
16783,511558
16999,514405
17196,517408
17406,520388
17600,524806
17804,528720
17948,532636
18135,534487
18290,539166
18447,544640
18601,548727
18763,554952
18913,558415
19050,562132
19220,564974
19351,566727
19554,569327
19741,571940
19935,573146
20113,576126
20245,579172
20383,581931
20505,584943
20668,587288
20852,590022
21000,593099
21137,595410
21286,598151
21450,600431
21643,602427
21849,604750
22032,606829
22232,609986
22463,611448
22662,615481
22881,620598
23084,622786
23286,625471
23482,628155
23678,630222
23902,632521
24168,636875
24399,641559
24602,644526
24826,649378
25069,654273
25313,657169
25557,659578
25820,662754
26059,667955
26291,673306
26551,676733
26805,682014
27044,687210
27281,695482
27545,700502
27827,704782
28094,707170
28375,709771
28645,713246
28923,718124
29167,722296
29452,727561
29696,731152
29970,734228
30245,738843
30445,742575
30681,748311
30943,751489
31249,754088
31508,759412
31801,764165
32107,768785
32410,774931
32707,780360
33011,784689
33299,788550
33612,794073
33921,796543
34169,800701
34453,803253
34720,806934
34996,808880
35279,813155
35547,817248
35794,821279
36057,824790
36322,828198
36601,831452
36893,835246
37165,838276
37424,840788
37672,846919
37931,852521
38237,855577
38522,860201
38795,866238
39086,871141
39404,874274
39703,877852
40004,880715
40299,883191
40574,886782
40876,888706
41165,892294
41467,895022
41756,900810
42086,905118
42358,911133
42612,918422
42894,925925
43158,934296
43431,938553
43659,943636
43908,947960
44173,953871
44436,959570
44687,965431
44962,971568
45245,977502
45519,982325
45781,987226
46025,991379
46285,995539
46541,999803
46783,1004312
47054,1007787
47279,1016898
47482,1025749
47717,1033371
48036,1038634
48260,1042983
48500,1046718
48780,1050016
49094,1052848
49352,1055158
49673,1057247
50014,1059813
50335,1062442
50629,1065240
50913,1067418
51202,1069119
51450,1071981
51731,1074238
51975,1076010
52198,1078084
52437,1080575
52681,1083237
52965,1086493
53299,1089377
53529,1091349
53750,1093083
53968,1095706
54197,1098306
54248,1098670
54355,1099914
54502,1101580
54686,1104032
54860,1106772
55106,1108992
55388,1110719
55613,1112298
55876,1114622
56189,1115251
56430,1116479
56653,1117423
56876,1118562
57107,1119975
57388,1121931
57705,1123772
58024,1126137
58327,1129303
58670,1131400
58984,1133982
59334,1136629
59672,1138851
60037,1140327
60360,1143810
60651,1148962
61013,1151454
61346,1154129
61664,1156801
62010,1159286
62360,1161106
62657,1163112
62979,1165367
63280,1167939
63582,1170204
63843,1171518
64217,1172093
64529,1173189
64827,1174481
65166,1176436
65483,1179352
65796,1181291
66089,1183022
66396,1184874
66714,1186376
66975,1188934
67278,1190065
67578,1191203
67844,1193087
68106,1195747
68398,1196460
68666,1197507
68921,1198405
69210,1199914
69483,1201220
69736,1202557
69969,1203518
70210,1205237
70459,1206313
70680,1207300
70909,1208981
71111,1209273
71292,1209684
71465,1210358
71610,1211036
71762,1211933
71928,1212967
72124,1213683
72344,1215826
72579,1216940
72786,1217457
73009,1218521
73223,1224375
73462,1225707
73663,1226601
73892,1227549
74111,1228694
74307,1230076
74515,1231887
74714,1233824
74945,1235956
75188,1237004
75440,1238083
75661,1239124
75819,1240473
75989,1241412
76215,1241997
76451,1242852
76656,1243935
76846,1244646
77052,1245585
77263,1246517
77471,1247070
77668,1248501
77877,1249142
78058,1249791
78236,1251236
78449,1252862
78683,1253391
78890,1254120
79123,1254914
79319,1256149
79468,1257271
79649,1258862
79821,1259484
79993,1259962
80201,1260621
80403,1261111
80621,1261990
80795,1262805
81003,1264399
81189,1265298
81350,1265721
81543,1266589
81703,1267190
81879,1267956
82048,1268952
82248,1269539
82436,1270308
82623,1271359
82776,1271917
82924,1272582
83095,1273901
83274,1274794
83449,1275378
83605,1276208
83761,1276784
83945,1277590
84134,1278802
84288,1279720
84437,1280536
84607,1281744
84786,1282586
84966,1283363
85142,1284583
85290,1285878
85476,1287059
85634,1288097
85791,1288908
85981,1289992
86175,1291387
86349,1293322
86509,1294086
86684,1295093
86851,1296163
87031,1297232
87232,1298306
87372,1300708
87531,1305253
87674,1308838
87837,1312805
88011,1316688
88170,1320417
88367,1323994
88564,1327313
88767,1329674
88990,1331454
89174,1334009
89364,1336539
89554,1339036
89785,1342476
89966,1346207
90181,1350342
90407,1354051
90640,1357120
90862,1360833
91085,1362801
91322,1365090
91613,1367346
91893,1369438
92137,1371960
92406,1373666
92711,1375147
92982,1376461
93252,1377376
93529,1379164
93791,1381194
94072,1384040
94357,1386272
94664,1387754
94937,1391107
95264,1392586
95554,1394662
95872,1396526
96153,1397983
96445,1399367
96772,1401073
97090,1402901
97369,1405393
97662,1408404
97956,1410439
98219,1412543
98512,1414646
98805,1417255
99103,1419883
99416,1422063
99710,1424448
100012,1426058
100336,1427528
100643,1429498
100968,1431437
101307,1433052
101603,1434862
101884,1437716
102191,1440143
102473,1441650
102754,1443271
103050,1445911
103325,1447057
103590,1448438
103855,1450218
104101,1452656
104399,1454954
104723,1456182
104992,1457433
105230,1458650
105501,1459915
105740,1460844
105983,1461929
106305,1462740
106535,1464058
106806,1465462
107106,1467553
107336,1470840
107621,1472592
107894,1474280
108119,1475242
108390,1476404
108667,1477332
108947,1478234
109268,1479499
109552,1480483
109838,1482710
110106,1485553
110376,1488634
110627,1491713
110897,1495038
111191,1498930
111485,1502044
111711,1504128
111979,1505648
112238,1506651
112510,1508332
112822,1509633
113083,1511203
113373,1512797
113653,1514035
113940,1515184
114205,1516968
114481,1518032
114766,1519260
115067,1520734
115341,1522257
115594,1524028
115901,1525593
116184,1526714
116471,1527525
116742,1529011
116988,1531086
117260,1533214
117491,1534565
117753,1536725
118025,1538115
118339,1539256
118616,1541150
118912,1542454
119195,1543628
119475,1544919
119706,1546179
119991,1547139
120267,1548590
120509,1550946
120774,1553618
121062,1555088
121312,1556254
121545,1558926
121835,1559892
122127,1560970
122368,1564123
122622,1566837
122881,1568367
123159,1569654
123457,1570609
123724,1571723
124024,1572723
124293,1574163
124608,1574939
124874,1576764
125106,1580640
125367,1583175
125651,1584522
125960,1586051
126273,1587717
126531,1589235
126814,1591739
127144,1592885
127368,1594150
127626,1595364
127928,1596623
128219,1597784
128453,1599029
128708,1600418
129008,1601183
129307,1601810
129529,1603053
129731,1605508
129997,1607193
130308,1607967
130517,1609767
130753,1611898
130985,1613168
131223,1613861
131403,1614779
131546,1615619
131704,1616355
131867,1617175
132032,1618168
132188,1619192
132305,1620362
132352,1624245
132451,1626375
132603,1628047
132784,1628685
132971,1629573
133191,1630396
133396,1631108
133620,1631929
133844,1632550
134129,1633052
134356,1633752
134613,1634391
134838,1635139
135009,1635911
135208,1636673
135415,1637924
135614,1638963
135853,1639982
136079,1640871
136303,1641794
136530,1642438
136731,1643374
136940,1644039
137148,1644978
137317,1645650
137524,1646439
137728,1647997
137950,1648384
138163,1649000
138386,1650008
138564,1650913
138773,1651737
139002,1652217
139205,1652839
139386,1653719
139573,1654546
139772,1655543
139976,1656327
140194,1656997
140385,1657646
140615,1658092
140816,1659072
141024,1659719
141222,1660312
141408,1661028
141606,1661499
141797,1662194
141966,1662908
142146,1663425
142341,1664155
142544,1664916
142730,1665451
142882,1665922
143057,1666567
143253,1667298
143408,1668112
143584,1668625
143781,1669370
143998,1669754
144188,1670637
144364,1671153
144500,1671649
144644,1672395
144783,1673002
144948,1673792
145138,1674907
145274,1676135
145412,1676750
145579,1677561
145747,1678457
145879,1679293
145969,1680102
146096,1681097
146252,1682055
146363,1683224
146460,1684521
146552,1685667
146685,1686649
146803,1688435
146961,1689952
147108,1690981
147284,1691816
147409,1692537
147541,1693095
147684,1693351
147836,1693818
148015,1694150
148177,1694499
148330,1694869
148469,1695542
148612,1696279
148763,1696860
148949,1697221
149106,1697693
149230,1698419
149367,1699302
149484,1700158
149605,1700991
149724,1701810
149858,1702823
149985,1703816
150132,1705094
150287,1706042
150429,1707331
150588,1708464
150760,1709476
150924,1710600
151057,1711611
151207,1712527
151344,1712869
151526,1713474
151709,1713995
151884,1714990
152046,1715754
152216,1716371
152391,1716954
152558,1717741
152708,1718378
152823,1719933
152984,1721431
153123,1722567
153264,1723567
153440,1724863
153642,1726440
153788,1727596
153788,1727596
153788,1727596
153788,1727596
153788,1727596
153788,1727596
153788,1727596
153788,1727596
153788,1727596
153788,1727596
153788,1727596
153788,1727596
153788,1727596
153788,1727596
153788,1727596
153788,1727596
153788,1727596
153788,1727596
153788,1727596
153788,1727596
153788,1727596
153788,1727596
153788,1727596
153788,1727596
153788,1727596
153788,1727596
153788,1727596
153788,1727596
153788,1727596
153788,1727596
153788,1727596
153788,1727596
153788,1727596
153788,1727596
153788,1727596
153788,1727596
153788,1727596
153964,1728694
154230,1729990
154518,1730801
154745,1731266
155038,1731650
155300,1732582
155586,1733342
155911,1733859
156175,1734703
156464,1735227
156775,1735951
157040,1736508
157292,1737200
157558,1737890
157799,1738670
157980,1739792
158180,1740941
158438,1741644
158721,1742207
159005,1742955
159249,1743852
159508,1744792
159791,1745436
160091,1746157
160319,1747256
160512,1748772
160769,1749447
161058,1750356
161259,1751580
161464,1753022
161740,1753823
162000,1754900
162216,1755998
162446,1756914
162689,1757904
162941,1759345
163202,1760487
163459,1761290
163745,1762843
164041,1763964
164339,1765143
164653,1765991
164866,1767643
165089,1769195
165366,1770245
165649,1770909
165939,1771406
166240,1771997
166533,1772593
166830,1773312
167116,1773924
167308,1775700
167533,1777190
167829,1777663
168119,1778325
168402,1778886
168691,1779580
168957,1780258
169235,1780949
